331.337	
719.06	
1088.27	
1447.17	
1936	
2407.3	
2920.38	
3448.72	
3874.85	
4303.03	
4741.62	
5219.01	
5704.27	
6187.23	
6693.95	
7207.86	
7687.03	
8210.53	
8697.11	
9298.84	
9916.22	
10529.9	
11133.4	
11809.3	
12567.7	
13293.1	
14005.9	
14751.7	
15508.9	
16293.2	
17035.7	
17771.5	
18532.3	
19355.4	
20274	
21161.5	
22097.7	
22980.5	
23783.1	
24692.3	
25553.2	
26381.5	
27158.1	
27978.4	
28819.8	
29616.1	
30421.1	
31271.7	
32142.1	
33115.7	
34006.5	
34876.4	
35835	
36708.3	
37583.5	
38484.8	
39357.5	
40255.4	
41168.7	
42083.7	
42970.7	
43889.9	
44854	
45806.4	
46769.7	
47722.3	
48654.1	
49603.8	
50590.6	
51562.5	
52561.7	
53559.7	
54589.2	
55518.6	
56523.8	
57450.9	
58347	
59289.7	
60210.8	
61187.7	
62080.5	
63044.2	
63982.1	
64906.8	
65781	
66749.6	
67751.5	
68696.3	
69631.5	
70615	
71540.8	
72470.8	
73469.8	
74420.1	
75434.9	
76403.6	
77406	
78372.9	
79423.7	
80430.6	
