488.615	
987.271	
1483.16	
1999.55	
2487.96	
2996.9	
3505.95	
4023.23	
4509.47	
5003.84	
5495.98	
5997.92	
6491.75	
6996.99	
7500.41	
8015.59	
8513.47	
9029.81	
9536.18	
10036.4	
10707.2	
11378.2	
12101.7	
12807.3	
13492	
14189.3	
14880	
15602.6	
16312.8	
17021.9	
17742.1	
18580.8	
19430.2	
20272	
21108.2	
21943.6	
22758.6	
23607	
24456	
25296.9	
26155.2	
26984.2	
27836.6	
28692.6	
29550.6	
30421.8	
31311.2	
32195.4	
33054.3	
33929.6	
34796.6	
35662.5	
36527	
37427.2	
38306.4	
39181.9	
40056.4	
40967.4	
41885	
42779	
43676.1	
44577.5	
45461.4	
46380.9	
47289.8	
48216.6	
49117.9	
50055.5	
50965.3	
51872.7	
52785	
53680.6	
54593	
55523.6	
56438.9	
57367.4	
58310.4	
59247	
60167	
61075.9	
62015.3	
62926.5	
63876.1	
64792	
65728.2	
66640.8	
67602.8	
68524.9	
69452.9	
70388.6	
71313.2	
72258.8	
73188.2	
74128.3	
75141.4	
76194.8	
77215	
78281.5	
79310.4	
80363.8	
