172.06	
339.668	
534.963	
714.275	
897.733	
1126.85	
1296.18	
1496.52	
1687.83	
1852.71	
2024.28	
2216.24	
2397.74	
2591.8	
2788.03	
2951	
3138.04	
3307.32	
3477.03	
3676.7	
3855.22	
4017.93	
4237.14	
4409.96	
4599.31	
4797.96	
4971.27	
5152.07	
5357.28	
5520.48	
5701.66	
5888.93	
6054.57	
6223.92	
6418.57	
6592.4	
6770.86	
6935.4	
7102.03	
7282.12	
7448.7	
7629.6	
7804.18	
7987.4	
8151.77	
8321.42	
8515.95	
8688.99	
8855.43	
9025.57	
9192.22	
9391.57	
9551.95	
9720.1	
9891.58	
10062.9	
10225	
10412.7	
10573.8	
10764.7	
10951.8	
11123.7	
11285.5	
11447	
11611.7	
11802.5	
11974.9	
12148.4	
12322.4	
12485.4	
12653.3	
12834.8	
13009.8	
13209.9	
13380.9	
13553	
13741.7	
13916.7	
14089.9	
14272.9	
14437.9	
14628.8	
14794.3	
14963.9	
15129.3	
15295	
15460.7	
15626.8	
15795.5	
15961.5	
16137.8	
16312.9	
16505.6	
16694.2	
16880.1	
17058.9	
17249.3	
17415.5	
17592.6	
17762.3	
