90.3085	
201.794	
305.108	
409.22	
574.193	
736.286	
915.132	
1094.62	
1218.22	
1344.91	
1468.45	
1609.55	
1758.22	
1896.72	
2035.94	
2176.04	
2319.77	
2466.25	
2612.89	
2827.62	
3030	
3234.18	
3442.84	
3664.71	
3898.73	
4126.3	
4353.17	
4589.04	
4822.92	
5064.56	
5300.86	
5537.62	
5777.59	
6034.12	
6313.17	
6592.86	
6876.92	
7158.68	
7432.07	
7737.85	
7993.86	
8255.37	
8511.85	
8765.54	
9024.37	
9286.72	
9548.31	
9803.68	
10087.2	
10394.9	
10701.8	
11009.8	
11296.8	
11590.1	
11881	
12173.2	
12466.7	
12763	
13061.2	
13355.9	
13657.1	
13949	
14248.2	
14544.6	
14845.6	
15155.9	
15463.9	
15782.8	
16095.1	
16406.1	
16721.4	
17037.7	
17352.2	
17669.4	
17989.4	
18336.2	
18646	
18954.8	
19261.8	
19574.3	
19880.9	
20193.2	
20504.5	
20813.8	
21122.5	
21439.1	
21756.9	
22073.3	
22389.7	
22704.6	
23021	
23333.7	
23647.3	
23961.6	
24275.4	
24594.2	
24910.7	
25230	
25569.1	
25889.1	
